  1.921171456031e+02
  4.339536138253e+02
  6.175735402290e+02
  9.214171921491e+02
  1.071656722349e+03
  1.422119455281e+03
  1.552299285291e+03
  1.818414567297e+03
  1.946874713296e+03
  2.039914793552e+03
  2.473050045338e+03
  2.476027902483e+03
  2.554052929836e+03
  2.790297768682e+03
  3.003449062209e+03
  3.062134906093e+03
  3.092001453733e+03
  3.364521877577e+03
  3.543149113878e+03
  3.610343689289e+03
  3.698044764177e+03
  3.943015089366e+03
  4.089205481402e+03
  4.093089162343e+03
  4.169745396064e+03
  4.307097662233e+03
  4.543969368675e+03
  4.650644634511e+03
  4.715819457357e+03
  4.736092257309e+03
  4.919780969329e+03
  5.137847725256e+03
  5.221974801044e+03
  5.250367789062e+03
  5.379114358093e+03
  5.470908489449e+03
  5.480225135186e+03
  5.656975574151e+03
  5.718714698562e+03
  5.811449199288e+03
  6.016094811049e+03
  6.076895851328e+03
  6.084374655887e+03
  6.233285867091e+03
  6.294208870610e+03
  6.397646994664e+03
  6.610424578016e+03
  6.744613746745e+03
  6.749551222439e+03
  6.787780919998e+03
  6.871916770956e+03
  6.932185746213e+03
  6.960352420913e+03
  7.194351580604e+03
  7.210782710595e+03
  7.379604671219e+03
  7.427163022641e+03
  7.463919515685e+03
  7.608247014037e+03
  7.628269887348e+03
  7.783604559485e+03
  7.818889921941e+03
  7.991485576715e+03
  8.023073500062e+03
  8.070722579444e+03
  8.107990931164e+03
  8.253224225303e+03
  8.333805014865e+03
  8.405053101722e+03
  8.476958336510e+03
  8.561723038059e+03
  8.580088809307e+03
  8.632755291133e+03
  8.699326576994e+03
  8.761106952165e+03
  8.992088025436e+03
  9.032929539642e+03
  9.082456581764e+03
  9.199559816492e+03
  9.234291720168e+03
  9.295676851959e+03
  9.379880285793e+03
  9.635687099022e+03
  9.701936264092e+03
  9.783357264523e+03
  9.889665240974e+03
  9.931687066146e+03
  1.000588752601e+04
  1.026262976351e+04
  1.027432746293e+04
  1.029816870542e+04
  1.036435625282e+04
  1.038686438915e+04
  1.049814094870e+04
  1.059901659478e+04
  1.065019362782e+04
  1.084348080126e+04
  1.091549340127e+04
  1.096838081532e+04
  1.098644490487e+04
  1.104478070436e+04
  1.122752544873e+04
  1.123964024653e+04
  1.124505777480e+04
  1.154528238310e+04
  1.165945020100e+04
  1.167984341592e+04
  1.169756114692e+04
  1.185758287570e+04
  1.199247077433e+04
  1.202431723745e+04
  1.214886295069e+04
  1.223901158272e+04
  1.229026021028e+04
  1.235879320349e+04
  1.239918820175e+04
  1.248513824491e+04
  1.271461187773e+04
  1.272533035387e+04
  1.281724528744e+04
  1.303571953863e+04
  1.309057190076e+04
  1.319561583197e+04
  1.323241510949e+04
  1.336627759208e+04
  1.340871194438e+04
  1.346559405273e+04
  1.369189849611e+04
  1.369677024370e+04
  1.390475092808e+04
  1.393100898472e+04
  1.395496570857e+04
  1.408958289637e+04
  1.432740506389e+04
  1.432799564077e+04
  1.452702653010e+04
  1.453165684194e+04
  1.470135027912e+04
  1.473272668523e+04
  1.475705947258e+04
  1.492473194775e+04
  1.499077134670e+04
  1.515965179229e+04
  1.540441311031e+04
  1.544291849402e+04
  1.547183994141e+04
  1.553891772508e+04
  1.559657685155e+04
  1.580766155697e+04
  1.588478793211e+04
  1.605677904363e+04
  1.615677211633e+04
  1.622731718917e+04
  1.641016646155e+04
  1.642342893136e+04
  1.671995048987e+04
  1.672591006859e+04
  1.684613441414e+04
  1.690093683397e+04
  1.718834472986e+04
  1.719882021955e+04
  1.733568302449e+04
  1.737042969902e+04
  1.753321659953e+04
  1.771343147725e+04
