 -5.500000000000e+00
 -5.214285714286e+00
 -4.928571428571e+00
 -4.642857142857e+00
 -4.357142857143e+00
 -4.071428571429e+00
 -3.785714285714e+00
 -3.500000000000e+00
 -3.214285714286e+00
 -2.928571428571e+00
 -2.642857142857e+00
 -2.357142857143e+00
 -2.071428571429e+00
 -1.785714285714e+00
 -1.500000000000e+00
 -1.214285714286e+00
 -9.285714285714e-01
 -6.428571428571e-01
 -3.571428571429e-01
 -7.142857142857e-02
  2.142857142857e-01
  5.000000000000e-01
  7.857142857143e-01
  1.071428571429e+00
  1.357142857143e+00
  1.642857142857e+00
  1.928571428571e+00
  2.214285714286e+00
  2.500000000000e+00
  2.785714285714e+00
  3.071428571429e+00
  3.357142857143e+00
  3.642857142857e+00
  3.928571428571e+00
  4.214285714286e+00
  4.500000000000e+00
