 -6.221215434052e+00
 -5.470579355280e+00
 -4.842263367352e+00
 -4.275552444387e+00
 -3.747225876998e+00
 -3.245237924425e+00
 -2.762263237173e+00
 -2.293363130267e+00
 -1.834944124337e+00
 -1.384223702073e+00
 -9.389257562138e-01
 -4.970902986453e-01
 -5.694300000000e-02
  3.832042986453e-01
  8.250397562138e-01
  1.270337702073e+00
  1.721058124337e+00
  2.179477130267e+00
  2.648377237173e+00
  3.131351924425e+00
  3.633339876998e+00
  4.161666444387e+00
  4.728377367352e+00
  5.356693355280e+00
  6.107329434052e+00
