 -4.800000000000e+00
 -4.618867924528e+00
 -4.437735849057e+00
 -4.256603773585e+00
 -4.075471698113e+00
 -3.894339622642e+00
 -3.713207547170e+00
 -3.532075471698e+00
 -3.350943396226e+00
 -3.169811320755e+00
 -2.988679245283e+00
 -2.807547169811e+00
 -2.626415094340e+00
 -2.445283018868e+00
 -2.264150943396e+00
 -2.083018867925e+00
 -1.901886792453e+00
 -1.720754716981e+00
 -1.539622641509e+00
 -1.358490566038e+00
 -1.177358490566e+00
 -9.962264150943e-01
 -8.150943396226e-01
 -6.339622641509e-01
 -4.528301886792e-01
 -2.716981132075e-01
 -9.056603773585e-02
  9.056603773585e-02
  2.716981132075e-01
  4.528301886792e-01
  6.339622641509e-01
  8.150943396226e-01
  9.962264150943e-01
  1.177358490566e+00
  1.358490566038e+00
  1.539622641509e+00
  1.720754716981e+00
  1.901886792453e+00
  2.083018867925e+00
  2.264150943396e+00
  2.445283018868e+00
  2.626415094340e+00
  2.807547169811e+00
  2.988679245283e+00
  3.169811320755e+00
  3.350943396226e+00
  3.532075471698e+00
  3.713207547170e+00
  3.894339622642e+00
  4.075471698113e+00
  4.256603773585e+00
  4.437735849057e+00
  4.618867924528e+00
  4.800000000000e+00
