 -5.823473146449e+00
 -5.119061413284e+00
 -4.532425747634e+00
 -4.005920948090e+00
 -3.517551346198e+00
 -3.055970477413e+00
 -2.614347814493e+00
 -2.188152730969e+00
 -1.774168495752e+00
 -1.369990420430e+00
 -9.737447811972e-01
 -5.839195010426e-01
 -1.992559887309e-01
  1.813235113883e-01
  5.587670092797e-01
  9.339303601201e-01
  1.307606282950e+00
  1.680548000000e+00
  2.053489717050e+00
  2.427165639880e+00
  2.802328990720e+00
  3.179772488612e+00
  3.560351988731e+00
  3.945015501043e+00
  4.334840781197e+00
  4.731086420430e+00
  5.135264495752e+00
  5.549248730969e+00
  5.975443814493e+00
  6.417066477413e+00
  6.878647346198e+00
  7.367016948090e+00
  7.893521747634e+00
  8.480157413284e+00
  9.184569146449e+00
