 -3.200000000000e+00
 -3.074666666667e+00
 -2.949333333333e+00
 -2.824000000000e+00
 -2.698666666667e+00
 -2.573333333333e+00
 -2.448000000000e+00
 -2.322666666667e+00
 -2.197333333333e+00
 -2.072000000000e+00
 -1.946666666667e+00
 -1.821333333333e+00
 -1.696000000000e+00
 -1.570666666667e+00
 -1.445333333333e+00
 -1.320000000000e+00
 -1.194666666667e+00
 -1.069333333333e+00
 -9.440000000000e-01
 -8.186666666667e-01
 -6.933333333333e-01
 -5.680000000000e-01
 -4.426666666667e-01
 -3.173333333333e-01
 -1.920000000000e-01
 -6.666666666667e-02
  5.866666666667e-02
  1.840000000000e-01
  3.093333333333e-01
  4.346666666667e-01
  5.600000000000e-01
  6.853333333333e-01
  8.106666666667e-01
  9.360000000000e-01
  1.061333333333e+00
  1.186666666667e+00
  1.312000000000e+00
  1.437333333333e+00
  1.562666666667e+00
  1.688000000000e+00
  1.813333333333e+00
  1.938666666667e+00
  2.064000000000e+00
  2.189333333333e+00
  2.314666666667e+00
  2.440000000000e+00
  2.565333333333e+00
  2.690666666667e+00
  2.816000000000e+00
  2.941333333333e+00
  3.066666666667e+00
  3.192000000000e+00
  3.317333333333e+00
  3.442666666667e+00
  3.568000000000e+00
  3.693333333333e+00
  3.818666666667e+00
  3.944000000000e+00
  4.069333333333e+00
  4.194666666667e+00
  4.320000000000e+00
  4.445333333333e+00
  4.570666666667e+00
  4.696000000000e+00
  4.821333333333e+00
  4.946666666667e+00
  5.072000000000e+00
  5.197333333333e+00
  5.322666666667e+00
  5.448000000000e+00
  5.573333333333e+00
  5.698666666667e+00
  5.824000000000e+00
  5.949333333333e+00
  6.074666666667e+00
  6.200000000000e+00
